No.{} most possible path: 
deque([0, 75, 75, 75, 75, 75, 75, 75, 305, 88, 88, 88, 88, 88, 88, 88, 88, 88, 88, 88, 88, 88, 88, 88, 88, 88, 83, 276, 276, 276, 276, 276, 276, 276, 276, 276, 276, 276, 276, 276, 276, 276, 276, 276, 276, 276, 276, 637, 2722, 2722, 2722, 2722, 2722, 2722, 2722, 2722, 2722, 2722, 2722, 2722, 2722, 2722, 2722, 2722, 2029, 9275, 9275, 9275, 9275, 9275, 9275, 9275, 9275, 9275, 9275, 9275, 9275, 9275, 9275, 9275, 9275, 9275, 9275, 9275, 9275, 9275, 9275, 9275, 9275, 9275, 9275, 4929, 4142, 4142, 4142, 4142, 4142, 4142, 4142, 4142, 4142, 4142, 4142, 4142, 4142, 83, 276, 276, 276, 276, 276, 276, 276, 276, 276, 276, 276, 276, 276, 276, 276, 276, 276, 276, 276, 276, 637, 2722, 2722, 2722, 2722, 2722, 2722, 2722, 2722, 2722, 2722, 2722, 2722, 2722, 2722, 2722, 2722, 2722, 2722, 2722, 2029, 9275, 9275, 9275, 9275, 9275, 9275, 9275, 9275, 9275, 9275, 9275, 9275, 9275, 9275, 9275, 9275, 9275, 9275, 9275, 9275, 9275, 9275, 9275, 9275, 9275, 9275, 9275, 9275])


No.{} most possible path: 
deque([0, 75, 75, 75, 75, 75, 75, 75, 305, 88, 88, 88, 88, 88, 88, 88, 88, 88, 88, 88, 88, 88, 88, 88, 88, 88, 83, 276, 276, 276, 276, 276, 276, 276, 276, 276, 276, 276, 276, 276, 276, 276, 276, 276, 276, 276, 276, 637, 2722, 2722, 2722, 2722, 2722, 2722, 2722, 2722, 2722, 2722, 2722, 2722, 2722, 2722, 2722, 2722, 2029, 9275, 9275, 9275, 9275, 9275, 9275, 9275, 9275, 9275, 9275, 9275, 9275, 9275, 9275, 9275, 9275, 9275, 9275, 9275, 9275, 9275, 9275, 9275, 9275, 9275, 9275, 4929, 4142, 4142, 4142, 4142, 4142, 4142, 4142, 4142, 4142, 4142, 4142, 4142, 4142, 83, 276, 276, 276, 276, 276, 276, 276, 276, 276, 276, 276, 276, 276, 276, 276, 276, 276, 276, 276, 276, 637, 2722, 2722, 2722, 2722, 2722, 2722, 2722, 2722, 2722, 2722, 2722, 2722, 2722, 2722, 2722, 2722, 2722, 2722, 2722, 2029, 9275, 9275, 9275, 9275, 9275, 9275, 9275, 9275, 9275, 9275, 9275, 9275, 9275, 9275, 9275, 9275, 9275, 9275, 9275, 9275, 9275, 9275, 9275, 9275, 9275, 0, 75, 75])


No.{} most possible path: 
deque([0, 75, 75, 75, 75, 75, 75, 75, 305, 88, 88, 88, 88, 88, 88, 88, 88, 88, 88, 88, 88, 88, 88, 88, 88, 88, 83, 276, 276, 276, 276, 276, 276, 276, 276, 276, 276, 276, 276, 276, 276, 276, 276, 276, 276, 276, 276, 637, 2722, 2722, 2722, 2722, 2722, 2722, 2722, 2722, 2722, 2722, 2722, 2722, 2722, 2722, 2722, 2722, 2029, 9275, 9275, 9275, 9275, 9275, 9275, 9275, 9275, 9275, 9275, 9275, 9275, 9275, 9275, 9275, 9275, 9275, 9275, 9275, 9275, 9275, 9275, 9275, 9275, 9275, 9275, 4929, 4142, 4142, 4142, 4142, 4142, 4142, 4142, 4142, 4142, 4142, 4142, 4142, 4142, 83, 276, 276, 276, 276, 276, 276, 276, 276, 276, 276, 276, 276, 276, 276, 276, 276, 276, 276, 276, 276, 637, 2722, 2722, 2722, 2722, 2722, 2722, 2722, 2722, 2722, 2722, 2722, 2722, 2722, 2722, 2722, 2722, 2722, 2722, 2722, 2029, 9275, 9275, 9275, 9275, 9275, 9275, 9275, 9275, 9275, 9275, 9275, 9275, 9275, 9275, 9275, 9275, 9275, 9275, 9275, 9275, 9275, 9275, 9275, 9275, 9275, 9275, 9275, 0])


No.{} most possible path: 
deque([0, 75, 75, 75, 75, 75, 75, 75, 305, 88, 88, 88, 88, 88, 88, 88, 88, 88, 88, 88, 88, 88, 88, 88, 88, 88, 83, 276, 276, 276, 276, 276, 276, 276, 276, 276, 276, 276, 276, 276, 276, 276, 276, 276, 276, 276, 276, 637, 2722, 2722, 2722, 2722, 2722, 2722, 2722, 2722, 2722, 2722, 2722, 2722, 2722, 2722, 2722, 2722, 2029, 9275, 9275, 9275, 9275, 9275, 9275, 9275, 9275, 9275, 9275, 9275, 9275, 9275, 9275, 9275, 9275, 9275, 9275, 9275, 9275, 9275, 9275, 9275, 9275, 9275, 9275, 4929, 4142, 4142, 4142, 4142, 4142, 4142, 4142, 4142, 4142, 4142, 4142, 4142, 4142, 83, 276, 276, 276, 276, 276, 276, 276, 276, 276, 276, 276, 276, 276, 276, 276, 276, 276, 276, 276, 276, 637, 2722, 2722, 2722, 2722, 2722, 2722, 2722, 2722, 2722, 2722, 2722, 2722, 2722, 2722, 2722, 2722, 2722, 2722, 2722, 2029, 9275, 9275, 9275, 9275, 9275, 9275, 9275, 9275, 9275, 9275, 9275, 9275, 9275, 9275, 9275, 9275, 9275, 9275, 9275, 9275, 9275, 9275, 9275, 9275, 9275, 9275, 9275, 808])


No.{} most possible path: 
deque([0, 75, 75, 75, 75, 75, 75, 75, 305, 88, 88, 88, 88, 88, 88, 88, 88, 88, 88, 88, 88, 88, 88, 88, 88, 88, 83, 276, 276, 276, 276, 276, 276, 276, 276, 276, 276, 276, 276, 276, 276, 276, 276, 276, 276, 276, 276, 637, 2722, 2722, 2722, 2722, 2722, 2722, 2722, 2722, 2722, 2722, 2722, 2722, 2722, 2722, 2722, 2722, 2029, 9275, 9275, 9275, 9275, 9275, 9275, 9275, 9275, 9275, 9275, 9275, 9275, 9275, 9275, 9275, 9275, 9275, 9275, 9275, 9275, 9275, 9275, 9275, 9275, 9275, 9275, 4929, 4142, 4142, 4142, 4142, 4142, 4142, 4142, 4142, 4142, 4142, 4142, 4142, 4142, 83, 276, 276, 276, 276, 276, 276, 276, 276, 276, 276, 276, 276, 276, 276, 276, 276, 276, 276, 276, 276, 637, 2722, 2722, 2722, 2722, 2722, 2722, 2722, 2722, 2722, 2722, 2722, 2722, 2722, 2722, 2722, 2722, 2722, 2722, 2722, 2029, 9275, 9275, 9275, 9275, 9275, 9275, 9275, 9275, 9275, 9275, 9275, 9275, 9275, 9275, 9275, 9275, 9275, 9275, 9275, 9275, 9275, 9275, 9275, 9275, 9275, 9275, 9275, 5894])


