Audio1 best decoding seq:
deque([0, 75, 75, 75, 75, 75, 75, 75, 305, 88, 88, 88, 88, 88, 88, 88, 88, 88, 88, 88, 88, 88, 88, 88, 88, 88, 83, 276, 276, 276, 276, 276, 276, 276, 276, 276, 276, 276, 276, 276, 276, 276, 276, 276, 276, 276, 276, 637, 2722, 2722, 2722, 2722, 2722, 2722, 2722, 2722, 2722, 2722, 2722, 2722, 2722, 2722, 2722, 2722, 2029, 9275, 9275, 9275, 9275, 9275, 9275, 9275, 9275, 9275, 9275, 9275, 9275, 9275, 9275, 9275, 9275, 9275, 9275, 9275, 9275, 9275, 9275, 9275, 9275, 9275, 9275, 4929, 4142, 4142, 4142, 4142, 4142, 4142, 4142, 4142, 4142, 4142, 4142, 4142, 4142, 83, 276, 276, 276, 276, 276, 276, 276, 276, 276, 276, 276, 276, 276, 276, 276, 276, 276, 276, 276, 276, 637, 2722, 2722, 2722, 2722, 2722, 2722, 2722, 2722, 2722, 2722, 2722, 2722, 2722, 2722, 2722, 2722, 2722, 2722, 2722, 2029, 9275, 9275, 9275, 9275, 9275, 9275, 9275, 9275, 9275, 9275, 9275, 9275, 9275, 9275, 9275, 9275, 9275, 9275, 9275, 9275, 9275, 9275, 9275, 9275, 9275, 9275, 9275, 9275])

Audio2 best decoding seq:
deque([0, 305, 88, 88, 88, 88, 88, 88, 88, 88, 88, 88, 88, 88, 88, 88, 88, 88, 88, 88, 88, 88, 88, 83, 276, 276, 276, 276, 276, 276, 276, 276, 276, 276, 276, 276, 276, 276, 276, 276, 276, 276, 276, 276, 637, 2722, 2722, 2722, 2722, 2722, 2722, 2722, 2722, 2722, 2722, 2722, 2722, 2722, 2722, 2722, 2722, 2722, 2722, 2722, 2722, 2029, 9275, 9275, 9275, 9275, 9275, 9275, 9275, 9275, 9275, 9275, 9275, 9275, 9275, 9275, 9275, 9275, 9275, 9275, 9275, 9275, 9275, 9275, 9275, 9275, 9275, 9275, 9275, 4929, 4142, 4142, 4142, 4142, 4142, 4142, 4142, 4142, 4142, 4142, 4142, 4142, 4142, 4142, 4142, 4142, 83, 276, 276, 276, 276, 276, 276, 276, 276, 276, 276, 276, 276, 276, 276, 276, 276, 276, 276, 276, 276, 276, 276, 637, 2722, 2722, 2722, 2722, 2722, 2722, 2722, 2722, 2722, 2722, 2722, 2722, 2722, 2722, 2722, 2722, 2722, 2722, 2722, 2722, 2722, 2722, 2029, 9275, 9275, 9275, 9275, 9275, 9275, 9275, 9275, 9275, 9275, 9275, 9275, 9275, 9275, 9275, 9275, 9275, 9275, 9275, 9275, 9275, 9275, 9275, 9275, 9275, 9275, 9275, 9275, 9275, 9275, 9275, 9275, 9275, 9275, 9275, 9275, 9275, 0, 75, 75, 75, 75])

Audio3 best decoding seq:
deque([0, 305, 88, 88, 88, 88, 88, 88, 88, 88, 88, 88, 88, 88, 88, 88, 88, 88, 88, 88, 88, 83, 276, 276, 276, 276, 276, 276, 276, 276, 276, 276, 276, 276, 276, 276, 276, 276, 276, 276, 5056, 3796, 3796, 3796, 3796, 3796, 3796, 3796, 3796, 3796, 3796, 3796, 3796, 3796, 406, 94, 94, 94, 94, 94, 94, 94, 94, 94, 94, 94, 94, 94, 94, 94, 94, 4929, 4142, 4142, 4142, 4142, 4142, 4142, 4142, 4142, 4142, 83, 276, 276, 276, 276, 276, 276, 276, 276, 276, 276, 276, 276, 276, 276, 276, 276, 276, 276, 276, 637, 2722, 2722, 2722, 2722, 2722, 2722, 2722, 2722, 2722, 2722, 2722, 2722, 2029, 9275, 9275, 9275, 9275, 9275, 9275, 9275, 9275, 9275, 9275, 9275, 9275, 9275, 9275, 9275, 9275, 9275, 9275, 9275, 9275, 9275, 9275, 9275, 9275, 9275, 9275, 9275])

Audio4 best decoding seq:
deque([0, 305, 0, 75, 75, 75, 75, 75, 305, 88, 88, 88, 88, 88, 88, 88, 88, 88, 88, 88, 88, 88, 88, 88, 88, 88, 88, 88, 88, 88, 88, 88, 88, 83, 276, 276, 276, 276, 276, 276, 276, 276, 276, 276, 276, 276, 276, 276, 276, 276, 276, 276, 276, 637, 2722, 2722, 2722, 2722, 2722, 2722, 2722, 2722, 2722, 2722, 2722, 2722, 2722, 2722, 2722, 2722, 2029, 9275, 9275, 9275, 9275, 9275, 9275, 9275, 9275, 9275, 9275, 9275, 9275, 9275, 9275, 9275, 9275, 9275, 9275, 4929, 4142, 4142, 4142, 4142, 4142, 4142, 4142, 4142, 4142, 4142, 4142, 4142, 4142, 83, 276, 276, 276, 276, 276, 276, 276, 276, 276, 276, 276, 276, 276, 276, 276, 276, 276, 276, 637, 2722, 2722, 2722, 2722, 2722, 2722, 2722, 2722, 2722, 2722, 2722, 2722, 2722, 2722, 2722, 2722, 2029, 9275, 9275, 9275, 9275, 9275, 9275, 9275, 9275, 9275, 9275, 9275, 9275, 9275, 9275, 9275, 9275, 9275, 9275, 9275, 9275, 9275, 9275, 9275])

Audio5 best decoding seq:
deque([0, 305, 88, 88, 88, 88, 88, 88, 88, 88, 88, 88, 88, 88, 88, 88, 88, 88, 88, 88, 88, 83, 276, 276, 276, 276, 276, 276, 276, 276, 276, 276, 276, 276, 276, 276, 637, 2722, 2722, 2722, 2722, 2722, 2722, 2722, 2722, 2722, 2722, 2722, 2722, 2722, 2029, 9275, 9275, 9275, 9275, 9275, 9275, 9275, 9275, 9275, 9275, 9275, 9275, 9275, 9275, 9275, 4929, 4142, 4142, 4142, 4142, 4142, 4142, 4142, 83, 276, 276, 276, 276, 276, 276, 276, 276, 276, 276, 276, 276, 276, 637, 2722, 2722, 2722, 2722, 2722, 2722, 2722, 2722, 2722, 2722, 2722, 2722, 2029, 9275, 9275, 9275, 9275, 9275, 9275, 9275, 9275, 9275, 9275, 9275, 9275, 9275, 9275, 9275, 9275, 9275, 9275, 9275, 9275, 9275, 9275, 9275, 9275, 9275])

Audio6 best decoding seq:
deque([0, 305, 0, 75, 75, 75, 75, 75, 305, 88, 88, 88, 88, 88, 88, 88, 88, 88, 88, 88, 88, 1606, 5233, 5233, 5233, 5233, 5233, 5233, 5233, 5233, 5233, 5233, 5233, 5233, 5233, 5233, 5233, 5233, 5233, 5233, 5233, 5233, 5233, 5233, 5233, 8257, 7174, 7174, 7174, 7174, 7174, 7174, 7174, 7174, 7174, 7174, 7174, 7174, 7174, 7174, 7174, 7174, 7174, 7174, 2029, 9275, 9275, 9275, 9275, 9275, 9275, 9275, 9275, 9275, 9275, 9275, 9275, 9275, 9275, 9275, 9275, 9275, 9275, 9275, 9275, 9275, 9275, 4929, 4142, 4142, 4142, 4142, 4142, 4142, 4142, 4142, 4142, 4142, 4142, 4142, 4142, 4142, 4142, 4142, 4142, 4142, 4142, 4007, 97, 97, 97, 97, 97, 97, 97, 97, 97, 97, 97, 97, 97, 97, 97, 97, 97, 97, 97, 97, 97, 97, 97, 97, 8108, 4840, 4840, 4840, 4840, 4840, 4840, 4840, 4840, 4840, 4840, 4840, 4840, 4840, 4840, 4840, 4840, 4840, 4840, 4840, 775, 123, 123, 123, 123, 123, 123, 123, 123, 123, 123, 123, 123, 123, 123, 123, 123, 123, 123, 123, 123, 123, 123, 123, 123, 123, 123, 123, 123, 123, 123, 123, 123, 123, 123])

Audio7 best decoding seq:
deque([0, 305, 88, 88, 88, 88, 88, 88, 88, 88, 88, 88, 88, 88, 88, 88, 88, 88, 88, 88, 88, 83, 276, 276, 276, 276, 276, 276, 276, 276, 276, 276, 276, 276, 276, 276, 276, 276, 637, 2722, 2722, 2722, 2722, 2722, 2722, 2722, 2722, 2722, 2722, 2722, 2722, 2722, 2722, 2722, 2722, 2722, 2722, 2722, 2722, 2722, 2029, 9275, 9275, 9275, 9275, 9275, 9275, 9275, 9275, 9275, 9275, 9275, 9275, 9275, 9275, 9275, 9275, 9275, 9275, 9275, 9275, 9275, 9275, 9275, 9275, 9275, 9275, 9275, 9275, 0, 75, 75, 75, 75, 75, 305, 88, 88, 88, 88, 88, 88, 88, 88, 88, 88, 88, 88, 88, 88, 88, 88, 88, 88, 88, 83, 276, 276, 276, 276, 276, 276, 276, 276, 276, 276, 276, 276, 276, 276, 276, 276, 637, 2722, 2722, 2722, 2722, 2722, 2722, 2722, 2722, 2722, 2722, 2722, 2722, 2722, 2722, 2722, 2722, 2722, 2722, 2722, 2029, 9275, 9275, 9275, 9275, 9275, 9275, 9275, 9275, 9275, 9275, 9275, 9275, 9275, 9275, 9275, 9275, 9275, 9275, 9275, 9275, 9275, 9275, 9275, 9275, 9275, 9275, 9275, 9275])

Audio8 best decoding seq:
deque([0, 305, 88, 88, 88, 88, 88, 88, 88, 88, 88, 88, 88, 88, 88, 88, 88, 88, 88, 88, 83, 276, 276, 276, 276, 276, 276, 276, 276, 276, 276, 276, 276, 276, 276, 276, 276, 276, 276, 276, 637, 2722, 2722, 2722, 2722, 2722, 2722, 2722, 2722, 2722, 2722, 2722, 2722, 2722, 2722, 2722, 2029, 9275, 9275, 9275, 9275, 9275, 9275, 9275, 9275, 9275, 9275, 9275, 9275, 9275, 9275, 9275, 9275, 9275, 9275, 9275, 9275, 9275, 9275, 9275, 4929, 4142, 4142, 4142, 4142, 4142, 4142, 4142, 4142, 4142, 4142, 4142, 4142, 4142, 83, 276, 276, 276, 276, 276, 276, 276, 276, 276, 276, 276, 276, 276, 276, 276, 276, 276, 276, 276, 276, 637, 2722, 2722, 2722, 2722, 2722, 2722, 2722, 2722, 2722, 2722, 2722, 2722, 2722, 2722, 2722, 2722, 2029, 9275, 9275, 9275, 9275, 9275, 9275, 9275, 9275, 9275, 9275, 9275, 9275, 9275, 9275, 9275, 9275, 9275, 9275, 9275, 9275, 9275, 9275, 9275, 9275])

Audio9 best decoding seq:
deque([0, 75, 75, 75, 75, 75, 75, 75, 75, 75, 305, 88, 88, 88, 88, 88, 88, 88, 88, 88, 88, 88, 88, 88, 88, 88, 88, 88, 88, 88, 83, 276, 276, 276, 276, 276, 276, 276, 276, 276, 276, 276, 276, 276, 276, 276, 276, 276, 276, 276, 276, 276, 276, 276, 276, 276, 276, 276, 637, 2722, 2722, 2722, 2722, 2722, 2722, 2722, 2722, 2722, 2722, 2722, 2722, 2722, 2722, 2029, 9275, 9275, 9275, 9275, 9275, 9275, 9275, 9275, 9275, 9275, 9275, 9275, 9275, 9275, 9275, 9275, 9275, 9275, 9275, 9275, 9275, 9275, 4929, 4142, 4142, 4142, 4142, 4142, 4142, 4142, 4142, 4142, 4142, 83, 276, 276, 276, 276, 276, 276, 276, 276, 276, 276, 276, 276, 276, 276, 276, 276, 276, 276, 276, 276, 276, 276, 637, 2722, 2722, 2722, 2722, 2722, 2722, 2722, 2722, 2722, 2722, 2722, 2722, 2722, 2722, 2722, 2029, 9275, 9275, 9275, 9275, 9275, 9275, 9275, 9275, 9275, 9275, 9275, 9275, 9275, 9275, 9275, 9275, 9275, 9275, 9275, 9275, 9275, 9275, 9275, 9275, 9275, 9275, 9275, 9275, 9275, 9275, 9275])

Audio10 best decoding seq:
deque([0, 305, 0, 75, 75, 75, 75, 305, 88, 88, 88, 88, 88, 88, 88, 88, 88, 88, 88, 88, 88, 83, 276, 276, 276, 276, 276, 276, 276, 276, 276, 276, 276, 276, 276, 276, 276, 276, 276, 276, 276, 276, 276, 637, 2722, 2722, 2722, 2722, 2722, 2722, 2722, 2722, 2722, 2722, 2722, 2722, 2722, 2722, 2722, 2722, 2722, 2029, 9275, 9275, 9275, 9275, 9275, 9275, 9275, 9275, 9275, 9275, 9275, 9275, 9275, 9275, 9275, 9275, 9275, 9275, 9275, 9275, 9275, 9275, 9275, 9275, 9275, 9275, 9275, 0, 75, 75, 305, 88, 88, 88, 88, 88, 88, 88, 88, 88, 88, 88, 88, 88, 83, 276, 276, 276, 276, 276, 276, 276, 276, 276, 276, 276, 276, 276, 276, 276, 276, 276, 276, 276, 276, 276, 276, 276, 637, 2722, 2722, 2722, 2722, 2722, 2722, 2722, 2722, 2722, 2722, 2722, 2722, 2722, 2722, 2722, 2029, 9275, 9275, 9275, 9275, 9275, 9275, 9275, 9275, 9275, 9275, 9275, 9275, 9275, 9275, 9275, 9275, 9275, 9275, 9275, 9275, 9275, 9275, 9275, 9275, 9275, 9275, 9275, 9275])

